0.043727
0.038037
0.061361
-0.043250
0.051536
-0.038485
-0.012419
0.010539
-0.013428
0.015524
0.078441
-0.053093
-0.004969
0.071753
-0.044590
-0.007132
-0.073809
0.035074
-0.006516
0.003614
-0.088317
0.067410
0.014049
0.002368
-0.095568
0.069699
0.095346
-0.071041
0.033727
0.066818
0.038451
0.092505
-0.096598
0.080869
0.033986
0.016723
-0.028389
-0.061591
-0.073507
-0.006758
-0.086847
0.009428
-0.022462
-0.049782
-0.030196
-0.062052
-0.007170
-0.027676
-0.007892
0.019843
-0.096230
-0.001787
-0.057787
0.074881
0.065708
0.083571
0.019772
-0.076487
0.039829
0.076574
-0.092050
-0.027654
0.023874
-0.052625
-0.069622
-0.084542
-0.004808
0.022242
0.080865
-0.069073
-0.009336
-0.062764
-0.000911
-0.044834
0.006807
-0.028901
0.067805
0.030083
-0.063715
0.079134
0.007684
0.085326
0.062212
0.053504
-0.072978
-0.036247
0.072420
0.071520
-0.057031
0.070824
-0.075767
-0.011492
0.036463
-0.067196
0.015699
-0.025302
-0.042524
0.012139
0.097850
-0.028977
0.040075
-0.089506
0.046535
0.057979
0.053206
-0.004690
-0.000771
0.073027
-0.063486
-0.020013
-0.071958
-0.047265
-0.093467
-0.037447
-0.022391
0.036684
0.008686
0.009607
0.023351
-0.039212
0.062679
-0.076181
0.066800
0.067560
-0.055545
-0.004683
0.050900
-0.090200
-0.071546
0.065421
-0.017266
-0.025433
-0.081861
-0.082428
0.006183
-0.071429
-0.089598
0.066792
-0.073556
0.047173
0.052851
0.008044
-0.004407
-0.023475
-0.024643
-0.060592
0.029803
-0.022704
0.041059
0.040195
-0.015594
-0.056613
0.073227
-0.069732
0.099806
0.011662
-0.018079
-0.013181
0.093497
-0.006447
-0.006170
-0.096137
-0.062873
-0.043982
0.073327
0.059527
-0.070991
0.072072
-0.079513
0.094586
0.026305
0.051905
0.036857
0.051656
0.048409
-0.083532
-0.073722
0.077075
0.052510
-0.054529
-0.000757
0.021371
0.042371
-0.061891
-0.015120
-0.069708
-0.006988
-0.013745
-0.080647
0.050928
0.085507
-0.009870
-0.042914
0.021710
-0.002042
0.019179
0.042363
0.075750
0.026120
0.003731
0.053304
0.091967
0.096956
-0.061512
-0.068714
0.000430
0.065404
0.069439
-0.022233
-0.001423
-0.074569
-0.077689
-0.054668
-0.091806
0.024511
-0.005552
0.058894
-0.045499
0.047495
0.025538
0.075812
-0.013784
-0.082022
0.001461
-0.008903
-0.097226
0.039794
0.051786
0.023983
-0.065584
0.038607
0.017144
0.025677
-0.014312
0.030495
-0.031162
0.062147
0.063644
-0.048882
-0.012627
0.022385
0.067915
-0.059027
0.068056
0.094339
0.056800
-0.095326
0.049422
0.036001
0.001484
-0.033938
0.063276
-0.035946
-0.032279
0.018041
0.024941
-0.068964
-0.079910
0.048743
-0.042802
0.097183
0.069298
0.084547
0.017375
0.073505
-0.099967
0.092497
-0.070551
0.038774
0.073045
0.014571
0.022913
0.051957
0.041174
-0.029793
0.078420
0.090827
-0.006933
-0.000963
-0.003324
0.061871
0.010990
-0.060583
-0.009653
0.055443
-0.054787
-0.004418
0.050115
-0.048917
0.063622
-0.085618
-0.096848
0.056867
-0.067138
-0.014754
-0.023639
-0.089839
0.051519
0.099822
-0.090204
0.002213
-0.077417
0.046034
-0.001066
-0.056631
-0.084411
0.056433
-0.098219
-0.075679
0.049163
-0.098314
-0.061940
0.002863
0.039501
0.030629
0.067779
0.040605
-0.001125
0.059979
-0.069533
-0.059467
0.098579
0.091423
0.034370
0.000437
-0.054496
0.095992
0.021065
0.060680
0.097068
-0.092220
0.051309
0.064417
0.079374
-0.079140
0.042115
-0.000951
0.084457
0.056963
0.094915
-0.072278
0.067054
0.037779
0.032092
0.022287
-0.074672
-0.071355
0.018770
0.050610
-0.010994
-0.001117
-0.087526
0.044072
-0.058505
0.039284
0.084298
0.093089
-0.055687
-0.085564
0.067675
-0.045847
-0.084712
0.061255
0.045847
0.017904
0.039883
-0.033007
0.039308
-0.090114
-0.017517
0.018834
-0.008488
0.089827
0.073106
0.039146
0.001818
0.069917
-0.029683
-0.093455
-0.027960
-0.053538
0.067822
0.060621
0.035577
0.027611
0.051495
-0.076617
-0.009017
-0.056526
-0.064275
0.050864
-0.018029
-0.018858
0.042247
-0.012213
-0.092441
0.003820
-0.003650
0.048410
-0.027201
-0.023287
0.075461
0.017080
0.012445
0.091968
-0.049986
0.062489
-0.027020
-0.009853
0.007638
-0.065785
-0.023461
-0.094228
0.031872
0.020007
-0.085731
0.089288
-0.034898
0.087401
0.004520
0.099979
-0.023271
-0.046606
0.059846
-0.036613
0.057335
-0.078925
0.093059
0.064497
-0.027255
-0.029212
0.022850
0.035864
0.012416
-0.003728
-0.032956
-0.061112
0.019164
-0.001415
0.044842
-0.068864
0.024854
0.060738
0.009644
0.024237
0.033710
0.060103
-0.007406
0.047166
0.003649
0.089372
0.092575
-0.003580
0.071277
-0.041148
0.080012
0.045499
-0.011498
0.018325
-0.040302
-0.059507
0.084793
0.079661
-0.030940
0.082760
0.083359
-0.004392
-0.089376
-0.084901
0.082501
0.008476
0.028345
-0.079101
0.008774
0.015636
-0.012708
0.020655
-0.024909
0.064423
-0.016453
0.011949
0.047323
0.025282
0.044732
0.085273
-0.086147
0.032296
-0.074569
0.063561
-0.072818
0.011899
0.014871
0.073560
-0.067146
0.084253
0.048055
0.068241
-0.069245
0.094849
-0.045200
-0.016172
0.097779
-0.059047
-0.021104
0.038635
0.093174
-0.036441
-0.040746
-0.083184
-0.006383
0.098949
0.065687
0.074423
-0.061853
0.075035
-0.045865
-0.077361
-0.057012
-0.027892
-0.019996
0.054858
-0.094147
0.015360
0.095010
0.054568
-0.090382
-0.090005
0.098491
0.072609
-0.049273
0.031598
0.067386
0.018278
-0.015824
-0.088094
0.020578
-0.004319
0.063689
0.072107
-0.083487
0.055787
0.018271
-0.008898
-0.012678
0.027671
-0.081225
0.038720
0.036098
0.045586
-0.046003
-0.055820
0.017155
0.065732
-0.010810
-0.081535
-0.063467
-0.074342
-0.095408
0.019952
0.039970
-0.057389
0.044966
-0.070047
0.041953
0.017484
0.053443
-0.065120
0.053121
0.038115
-0.089402
-0.031995
-0.036541
-0.047542
0.073979
0.020713
0.087255
-0.007426
0.088234
-0.036364
-0.068905
-0.036804
-0.036673
-0.085621
0.085197
0.038446
-0.000619
-0.000673
-0.065900
-0.092925
-0.018373
-0.091533
-0.053782
-0.013211
-0.030592
-0.063415
0.082130
-0.080427
0.084192
0.045794
0.062338
-0.049642
0.033970
-0.013338
0.062100
-0.022024
0.048922
-0.040124
-0.074125
0.032450
-0.081284
-0.011491
0.041427
-0.030538
0.099428
-0.086944
0.093080
0.066917
0.015343
0.045434
0.058488
-0.040528
0.060502
-0.046673
0.061443
0.080947
-0.026122
-0.055466
0.019274
0.092627
-0.006509
0.053408
0.006614
0.064752
0.014726
-0.066548
-0.014051
-0.014707
-0.024913
0.049479
-0.044442
0.061599
-0.042568
0.017806
-0.071270
-0.093870
-0.091245
0.087610
-0.027646
-0.087342
0.088589
0.005817
0.003676
-0.016588
0.099614
0.020964
-0.042225
-0.093230
0.065772
0.099954
-0.093750
-0.051886
-0.054575
-0.007574
-0.049798
0.015897
0.030231
0.095033
-0.015016
0.037217
0.000256
0.098824
-0.020701
-0.059320
-0.031038
-0.028972
0.048966
0.058275
-0.094112
-0.084823
0.036927
-0.020865
-0.037213
-0.059814
0.003360
-0.033094
0.082539
-0.078614
-0.049777
-0.018507
-0.068663
0.029079
-0.070979
-0.023164
-0.068392
0.090220
-0.085414
0.066730
0.041806
-0.085926
-0.008249
-0.018981
-0.021718
-0.093529
0.027962
0.067426
0.061176
0.052477
-0.068377
0.040373
-0.017955
0.063271
-0.054592
0.038369
0.087507
0.056374
0.020475
0.053959
0.075114
-0.017510
0.001820
-0.040582
-0.053993
0.011377
-0.008754
0.052118
-0.031923
-0.038102
-0.065022
0.008277
0.000269
-0.031226
-0.028138
0.047210
-0.095792
0.038086
-0.072230
0.038663
0.069725
0.036907
-0.016086
0.073177
-0.046534
0.039064
0.096557
-0.039769
0.093641
0.013988
-0.073918
-0.044989
0.030763
-0.087911
0.078337
-0.016756
0.055900
0.093936
-0.009455
0.083672
-0.028558
-0.089621
-0.002180
-0.084140
-0.004861
0.030443
0.058582
0.075435
-0.084922
-0.009407
-0.098177
0.094655
-0.067397
-0.083296
-0.078973
0.033385
-0.038163
-0.035098
0.030018
-0.075536
0.021465
-0.091174
-0.095914
0.011139
0.052144
-0.098904
-0.074403
-0.023807
-0.089264
0.097039
0.053524
-0.008902
-0.083203
-0.064236
0.090141
-0.053223
-0.073984
0.017439
0.087016
0.053129
0.013628
-0.078216
-0.035168
-0.028592
-0.022216
0.068843
0.039578
-0.099523
-0.080094
-0.066561
-0.045161
-0.044758
-0.092923
0.020581
-0.000654
0.066231
0.042235
-0.008741
-0.011358
-0.031902
0.034220
0.085084
-0.062122
0.047876
0.014703
-0.094767
-0.021591
0.059039
0.078120
-0.061408
0.070394
0.019331
-0.018786
0.065086
0.009680
0.066269
0.002737
0.048747
-0.076467
0.074530
-0.043493
-0.021301
-0.045905
-0.032364
0.026670
-0.008636
0.017447
-0.056038
-0.041292
-0.052748
-0.070901
-0.039847
-0.011570
0.071501
-0.063935
-0.089637
0.074588
0.092747
0.035127
0.038269
-0.099370
-0.013319
0.067401
-0.063063
-0.078170
0.027670
0.077713
-0.005461
-0.050959
0.019176
0.006457
-0.037651
0.073134
-0.029370
-0.022139
-0.059075
-0.087517
0.051295
-0.069633
-0.089490
-0.034986
-0.055821
0.015954
0.018154
0.067871
0.007491
0.019312
0.017454
-0.016406
-0.028405
-0.074997
-0.017634
0.039348
-0.055036
0.064292
0.076073
-0.055624
-0.054278
0.008144
-0.074953
0.090361
-0.020458
0.079439
0.088192
0.090649
0.021181
-0.094876
0.005112
0.032464
-0.067101
0.022046
0.019432
0.015051
-0.008093
0.064580
0.026839
0.046668
-0.081920
-0.073927
-0.083735
0.089784
-0.030538
0.074154
0.004132
0.060337
-0.004806
-0.087809
0.063798
0.020216
-0.056443
-0.041222
-0.079748
-0.041981
-0.007976
0.086895
-0.080799
0.063020
-0.057158
-0.090084
0.092029
0.060116
-0.044899
0.012368
-0.084806
-0.050445
0.097998
0.013093
0.057660
-0.038958
-0.078547
0.078700
0.019096
0.030223
0.086703
0.087651
0.032736
0.029499
0.036666
-0.052842
-0.071147
0.056244
-0.005156
0.058941
-0.071119
0.062913
0.002128
-0.013207
0.016022
-0.020539
0.044312
-0.011663
-0.093881
0.024264
-0.098611
-0.021832
0.029907
0.068987
-0.041329
-0.012889
0.077016
0.091406
0.081591
-0.070877
-0.010785
-0.091700
0.083085
-0.089580
-0.086125
0.001156
0.040122
0.010251
-0.027833
0.003984
0.028471
-0.057877
-0.097307
-0.080260
0.070105
-0.024574
0.050691
0.041173
-0.089344
0.065919
