0.020525
0.034221
0.041172
0.040692
0.028623
0.010132
0.003456
-0.007725
-0.009748
-0.003320
0.004556
0.019808
0.021405
0.001321
0.004401
0.013505
-0.006465
-0.025964
-0.025678
-0.005686
-0.002010
-0.016119
-0.017804
0.009330
0.012676
-0.011483
-0.014918
0.024266
0.034691
0.010356
0.019838
0.045698
0.050962
0.031092
0.007393
0.023221
0.030705
0.009150
-0.024540
-0.049138
-0.052565
-0.044722
-0.039544
-0.025979
-0.025276
-0.035770
-0.041082
-0.038329
-0.026874
-0.017121
-0.010724
-0.019043
-0.037913
-0.033169
-0.007080
0.036539
0.063078
0.054434
0.015441
-0.007515
0.012119
0.012403
-0.021644
-0.026478
-0.018801
-0.038473
-0.060489
-0.053870
-0.016537
0.019158
0.020351
-0.012551
-0.031597
-0.033979
-0.026780
-0.021606
-0.011621
0.005781
0.024487
0.015848
0.005131
0.024467
0.043173
0.058650
0.055392
0.021587
-0.017832
-0.007918
0.030687
0.034438
0.011616
-0.000644
-0.017137
-0.014027
-0.007808
-0.016321
-0.016597
-0.019738
-0.014148
0.015440
0.035151
0.017799
-0.004931
-0.013306
0.016120
0.042568
0.036928
0.018055
0.015817
0.012364
-0.016578
-0.039730
-0.053954
-0.062558
-0.063460
-0.043946
-0.013821
0.009906
0.014854
0.011554
0.006061
0.001594
0.001969
0.002492
0.025178
0.025543
-0.000596
-0.004254
-0.009603
-0.038049
-0.033024
-0.001649
-0.005546
-0.035374
-0.059903
-0.056945
-0.044425
-0.049981
-0.040877
-0.014272
-0.003787
0.018014
0.030515
0.016360
-0.004005
-0.019409
-0.029067
-0.025652
-0.007447
0.007052
0.021577
0.018080
-0.004060
-0.010329
0.003218
0.011730
0.029008
0.020136
0.002883
0.013394
0.031529
0.012773
-0.025867
-0.058315
-0.055872
-0.017150
0.026025
0.026068
0.003218
0.000662
0.006250
0.031844
0.044040
0.044291
0.044200
0.039897
0.009698
-0.032799
-0.025760
0.018329
0.022589
-0.003952
-0.003232
0.012423
0.006299
-0.020898
-0.036296
-0.037586
-0.028411
-0.027958
-0.019112
0.020405
0.037720
0.010385
-0.009839
-0.001730
0.009133
0.022879
0.041550
0.048471
0.035139
0.030036
0.051537
0.070573
0.045634
-0.012835
-0.033735
-0.000203
0.038440
0.038446
0.007159
-0.024662
-0.053532
-0.067919
-0.066129
-0.048863
-0.013676
0.010651
0.015169
0.008750
0.021588
0.037164
0.031512
-0.005595
-0.032387
-0.027664
-0.029271
-0.028700
0.005747
0.027553
0.010558
-0.007365
0.006421
0.018247
0.014795
0.007191
0.005959
0.012765
0.031952
0.026478
-0.002616
-0.004386
0.016634
0.021416
0.015799
0.042820
0.060062
0.029029
-0.005339
0.008587
0.019883
0.007242
0.002153
0.006732
-0.007769
-0.012562
-0.000245
-0.008507
-0.037551
-0.038084
-0.008804
0.017824
0.052861
0.070894
0.064507
0.043921
0.019072
-0.002608
0.001718
0.002184
0.022054
0.039840
0.034243
0.031695
0.035740
0.027512
0.024990
0.048344
0.052350
0.023246
0.005428
0.013757
0.023429
0.004032
-0.017673
-0.007528
0.003045
-0.007393
-0.002564
0.007634
0.003174
-0.009785
-0.042152
-0.046206
-0.022619
-0.023312
-0.029904
-0.035910
-0.024727
0.016977
0.025969
-0.012812
-0.032095
-0.024361
-0.003597
-0.011835
-0.038091
-0.039444
-0.029087
-0.046166
-0.044731
-0.031422
-0.046671
-0.043417
-0.008015
0.024401
0.040898
0.046776
0.037562
0.024014
0.005866
-0.022560
-0.008600
0.045578
0.066058
0.038672
0.005473
0.004627
0.033815
0.049060
0.053485
0.035323
0.005921
0.023483
0.048512
0.033453
0.001263
0.006325
0.029318
0.055149
0.062747
0.042730
0.015615
0.025493
0.036698
0.027174
-0.003255
-0.039276
-0.038408
-0.002177
0.018326
0.003913
-0.019350
-0.028537
-0.015837
-0.003375
0.029589
0.060044
0.041945
-0.012302
-0.028948
-0.012494
-0.023944
-0.024158
0.013649
0.035347
0.029683
0.017009
0.002115
-0.013021
-0.031732
-0.022780
0.001217
0.026147
0.055105
0.060566
0.042762
0.029731
0.018386
-0.019124
-0.050811
-0.045075
-0.013610
0.029451
0.048245
0.042372
0.031508
0.010213
-0.022050
-0.036841
-0.042060
-0.028735
-0.003728
-0.000643
0.000427
0.003403
-0.017994
-0.037165
-0.019955
0.004766
0.010896
-0.000904
0.005978
0.028062
0.032086
0.033028
0.032196
0.016799
0.010829
-0.000333
-0.008880
-0.018146
-0.036021
-0.046368
-0.038378
-0.011242
-0.005366
-0.007992
0.012344
0.024672
0.038084
0.044409
0.037897
0.007172
-0.006380
0.005629
0.007034
0.003201
0.006469
0.035583
0.036145
0.003959
-0.007368
0.010016
0.021256
0.012296
-0.007893
-0.027382
-0.028253
-0.006906
0.007978
0.003290
-0.007474
0.010991
0.030447
0.027825
0.026930
0.034290
0.034513
0.025249
0.026217
0.039453
0.061856
0.062306
0.041199
0.027179
0.022662
0.036534
0.033806
0.013120
-0.006035
-0.022289
-0.007755
0.035179
0.046491
0.036369
0.050223
0.046144
-0.003354
-0.048752
-0.035639
0.011228
0.021545
-0.000861
-0.021469
-0.011113
0.002150
0.002867
0.003492
0.009158
0.017614
0.013247
0.017237
0.029686
0.037956
0.042892
0.027356
-0.007600
-0.018134
-0.015276
-0.007993
-0.014143
-0.001888
0.019230
0.022090
0.014933
0.036987
0.049156
0.032060
0.012103
0.013078
0.002570
0.008280
0.017386
-0.003825
-0.003077
0.027952
0.034680
-0.004296
-0.040889
-0.041595
0.002639
0.053843
0.065066
0.040381
0.012675
0.003746
-0.025511
-0.053701
-0.052246
-0.031261
-0.009702
-0.006470
-0.016671
0.012357
0.045275
0.019033
-0.034500
-0.027328
0.027797
0.038070
0.014648
0.022098
0.035764
0.016872
-0.018627
-0.033547
-0.011674
0.017968
0.038769
0.027002
0.002084
0.009980
0.013567
0.002331
-0.003950
-0.010165
-0.015214
0.008561
0.028189
0.015003
-0.018119
-0.023454
0.006231
0.020530
-0.010735
-0.051436
-0.069406
-0.072085
-0.052975
-0.012683
0.004202
-0.005094
-0.008552
-0.009151
0.009417
0.022970
0.015065
0.002834
0.012834
0.001194
-0.033597
-0.044151
-0.034976
-0.010614
0.025997
0.044718
0.047214
0.039012
0.025831
-0.012331
-0.042801
-0.047247
-0.043774
-0.022533
0.020750
0.031431
0.010026
-0.019484
-0.050424
-0.063017
-0.058964
-0.060257
-0.049900
-0.034366
-0.029484
-0.018049
0.000861
0.007274
0.033312
0.047133
0.030597
0.005300
0.005077
0.014185
0.020884
0.015331
0.003865
-0.021741
-0.033481
-0.027698
-0.029390
-0.014255
0.007404
0.016738
0.018672
0.013988
0.038839
0.051157
0.041873
0.037760
0.028879
0.012673
0.009600
0.013190
0.034981
0.035651
0.000103
-0.014546
0.015057
0.040299
0.034452
0.030104
0.031965
0.030566
0.005085
-0.023902
-0.026055
-0.016367
-0.004726
0.005540
0.005555
0.007219
-0.004053
-0.022389
-0.054561
-0.071736
-0.043655
-0.003634
-0.011210
-0.015193
0.014453
0.019210
0.009105
0.020004
0.039074
0.016471
-0.025636
-0.025197
0.020714
0.025504
-0.025397
-0.052078
-0.044315
-0.030499
-0.019344
0.006388
0.035729
0.044872
0.027911
0.021943
0.031378
0.033591
-0.000365
-0.032712
-0.032518
-0.007344
0.020051
0.006237
-0.039694
-0.046078
-0.018097
-0.016352
-0.032489
-0.035289
-0.018866
0.000110
0.003423
-0.026463
-0.043002
-0.039073
-0.031643
-0.024664
-0.034601
-0.036860
-0.019682
0.001139
0.002489
0.016452
0.007041
-0.023799
-0.027845
-0.024738
-0.035145
-0.033492
0.007034
0.046678
0.051709
0.025244
-0.002501
0.001480
0.011381
0.012049
0.006630
0.030005
0.056509
0.054097
0.044048
0.047186
0.040358
0.012467
-0.012302
-0.029414
-0.029248
-0.010114
0.007299
0.009594
-0.013450
-0.035724
-0.035187
-0.016258
-0.010572
-0.016355
-0.012631
-0.010883
-0.023207
-0.021018
-0.011759
0.019041
0.041715
0.034052
0.021670
0.018310
0.013059
0.029764
0.041270
0.033326
0.032640
0.005830
-0.030553
-0.032680
-0.019828
-0.012116
0.010703
0.026363
0.045107
0.052809
0.041055
0.024640
-0.013585
-0.043615
-0.045131
-0.038820
-0.011997
0.024902
0.044550
0.025085
-0.020225
-0.039233
-0.027010
-0.007374
-0.034014
-0.062303
-0.049736
-0.021614
-0.018451
-0.018417
-0.015841
-0.024720
-0.035659
-0.058398
-0.054151
-0.016561
-0.009719
-0.045947
-0.061945
-0.049655
-0.019194
0.028560
0.033676
-0.009044
-0.043531
-0.027554
-0.000956
-0.020033
-0.028873
0.010199
0.048979
0.042657
0.002186
-0.035415
-0.040710
-0.026036
0.001125
0.024976
0.002868
-0.049839
-0.073110
-0.065248
-0.054794
-0.054246
-0.045813
-0.013395
0.018174
0.037465
0.030389
0.005892
-0.010332
-0.003101
0.022761
0.028313
0.010123
0.007168
-0.010093
-0.034012
-0.012360
0.029065
0.033533
0.015814
0.021300
0.020586
0.017414
0.028645
0.035100
0.035916
0.025550
0.009293
-0.002904
0.002208
-0.011180
-0.028110
-0.032504
-0.019359
-0.000825
0.002479
-0.009566
-0.031730
-0.046103
-0.053860
-0.054038
-0.035161
-0.004275
0.003294
-0.026737
-0.024539
0.029220
0.061335
0.044787
0.004048
-0.028329
-0.014520
-0.001190
-0.027238
-0.032209
0.007295
0.029676
0.006887
-0.012581
-0.005496
-0.000704
0.003722
0.012224
-0.004643
-0.031296
-0.049369
-0.042137
-0.025819
-0.044038
-0.061825
-0.052496
-0.031009
-0.000983
0.025146
0.035510
0.026246
0.016671
0.006598
-0.012313
-0.033767
-0.040188
-0.020352
-0.002487
0.006335
0.030136
0.026789
-0.013126
-0.033387
-0.026387
-0.010195
0.017854
0.033950
0.058388
0.077083
0.062365
0.012580
-0.025070
-0.015685
-0.006036
-0.012368
-0.000176
0.012786
0.013549
0.018709
0.033942
0.033068
0.004829
-0.042740
-0.062783
-0.035969
0.008256
0.023401
0.031588
0.032581
0.023384
-0.004942
-0.016558
0.005843
0.002905
-0.028724
-0.051040
-0.055936
-0.035836
-0.000991
0.014453
0.000529
-0.008490
-0.029010
-0.021045
0.024173
0.031478
0.000017
-0.026168
-0.040550
-0.015701
0.028855
0.038412
0.017959
-0.015784
-0.017737
0.016692
0.034732
0.047069
0.066518
0.067711
0.048510
0.030721
0.006969
-0.025024
-0.026098
0.004344
0.018300
0.011597
0.000958
0.010974
0.009993
0.001424
0.000740
0.005109
0.005735
-0.016597
-0.037680
-0.039063
-0.042595
-0.020487
0.015931
0.023094
0.002885
0.012265
0.052376
0.070970
0.041472
-0.011261
-0.035071
-0.028007
-0.016097
-0.041742
-0.049555
-0.015091
0.012730
0.007408
-0.003992
-0.000835
-0.008516
-0.044268
-0.067540
-0.043450
0.000085
0.017475
0.023414
0.009391
